Key 0: [[16, 80, 169, 37], [21, 214, 85, 85], [212, 80, 235, 69], [104, 33, 233, 129]]
Key 1: [[236, 78, 165, 96], [249, 152, 240, 53], [45, 200, 27, 112], [69, 233, 242, 241]]
Key 2: [[240, 199, 4, 14], [9, 95, 244, 59], [36, 151, 239, 75], [97, 126, 29, 186]]
Key 3: [[7, 99, 240, 225], [14, 60, 4, 218], [42, 171, 235, 145], [75, 213, 246, 43]]
Key 4: [[12, 33, 1, 82], [2, 29, 5, 136], [40, 182, 238, 25], [99, 99, 24, 50]]
Key 5: [[231, 140, 34, 169], [229, 145, 39, 33], [205, 39, 201, 56], [174, 68, 209, 10]]
Key 6: [[220, 178, 69, 77], [57, 35, 98, 108], [244, 4, 171, 84], [90, 64, 122, 94]]
Key 7: [[149, 104, 29, 243], [172, 75, 127, 159], [88, 79, 212, 203], [2, 15, 174, 149]]
Key 8: [[99, 140, 55, 132], [207, 199, 72, 27], [151, 136, 156, 208], [149, 135, 50, 69]]
Key 9: [[111, 175, 89, 174], [160, 104, 17, 181], [55, 224, 141, 101], [162, 103, 191, 32]]
Key 10: [[220, 167, 238, 148], [124, 207, 255, 33], [75, 47, 114, 68], [233, 72, 205, 100]]
[[194, 72, 111, 71], [150, 240, 101, 116], [129, 166, 85, 197], [89, 179, 138, 170], [238, 0, 0, 0], [0, 0, 0, 0], [0, 0, 0, 0], [0, 0, 0, 0]]
[[37, 82, 168, 160], [144, 140, 77, 146], [12, 36, 252, 166], [203, 109, 126, 172], [40, 0, 0, 0], [0, 0, 0, 0], [0, 0, 0, 0], [0, 0, 0, 0]]
Matrix 0 4x4 : [[37, 82, 168, 160], [144, 140, 77, 146], [12, 36, 252, 166], [203, 109, 126, 172]]
Matrix 1 4x4 : [[40, 0, 0, 0], [0, 0, 0, 0], [0, 0, 0, 0], [0, 0, 0, 0]]

